// les relations sortantes :
r;rid;node1;node2;type;w
r;368061779;94602;119272;0;1
r;31836813;94602;283894;0;3
r;31767460;94602;274648;0;3
r;298774821;94602;4333487;0;5
r;34185238;94602;436116;0;6
r;33899694;94602;374443;0;7
r;33899724;94602;374442;0;7
r;33899757;94602;374440;0;7
r;33899817;94602;374446;0;7
r;33899830;94602;374441;0;7
r;33899877;94602;374445;0;7
r;33899880;94602;374452;0;7
r;33899881;94602;374450;0;7
r;33899926;94602;374447;0;7
r;33899982;94602;374451;0;7
r;33900299;94602;374444;0;7
r;33900324;94602;374448;0;7
r;31677793;94602;234014;0;8
r;31758728;94602;272436;0;8
r;33899862;94602;374449;0;8
r;34396909;94602;232748;0;8
r;34259167;94602;154871;0;9
r;31102236;94602;187800;0;10
r;53081948;94602;2552220;0;10
r;53082771;94602;2530936;0;10
r;30656405;94602;250502;0;11
r;109091902;94602;77008;0;11
r;109092026;94602;240720;0;11
r;109092086;94602;228289;0;11
r;109092148;94602;34898;0;11
r;109092210;94602;225934;0;11
r;109092270;94602;77424;0;11
r;31087668;94602;183919;0;13
r;53159580;94602;2387274;0;13
r;108927437;94602;107477;0;13
r;108927489;94602;140715;0;13
r;108927539;94602;95422;0;13
r;108927587;94602;74846;0;13
r;108927809;94602;139779;0;13
r;108932102;94602;50869;0;13
r;108932178;94602;81934;0;13
r;108932238;94602;142086;0;13
r;108932350;94602;26363;0;13
r;30645713;94602;151762;0;14
r;30231569;94602;1842624;0;15
r;30237677;94602;1851889;0;15
r;30453945;94602;229404;0;15
r;34451771;94602;30686;0;15
r;30229512;94602;1842625;0;16
r;313373075;94602;597794;0;20
r;975163;94602;84619;0;21
r;975166;94602;89879;0;21
r;54690387;94602;57483;0;22
r;975159;94602;79805;0;23
r;975156;94602;81591;0;24
r;975158;94602;79239;0;24
r;975161;94602;52063;0;24
r;15728169;94602;152191;0;24
r;62021069;94602;167432;0;24
r;336928693;94602;7575551;0;25
r;348885750;94602;9930468;0;25
r;359209716;94602;216305;0;25
r;369919358;94602;14558415;0;25
r;369919403;94602;14558417;0;25
r;369919415;94602;14558420;0;25
r;369919458;94602;14558423;0;25
r;369919487;94602;14558425;0;25
r;369919499;94602;14558426;0;25
r;975165;94602;44155;0;26
r;975169;94602;91694;0;26
r;9641603;94602;135190;0;26
r;12306842;94602;63025;0;26
r;108030067;94602;202461;0;26
r;975157;94602;74488;0;27
r;975162;94602;120259;0;27
r;975164;94602;50432;0;27
r;975167;94602;36299;0;27
r;975172;94602;77946;0;27
r;1358036;94602;138226;0;27
r;1358039;94602;36922;0;27
r;12306843;94602;30803;0;27
r;14449667;94602;417850;0;27
r;54690382;94602;13200;0;27
r;54690389;94602;71684;0;27
r;975155;94602;143548;0;28
r;975171;94602;42188;0;28
r;12306841;94602;124828;0;28
r;29311303;94602;61706;0;28
r;108030070;94602;115914;0;28
r;975160;94602;144943;0;29
r;975168;94602;106376;0;29
r;975170;94602;97134;0;29
r;1358037;94602;123083;0;29
r;1358038;94602;32408;0;29
r;12350193;94602;44967;0;29
r;108030069;94602;105246;0;29
r;1334847;94602;102788;0;30
r;1334848;94602;90865;0;30
r;1334849;94602;53673;0;30
r;13681774;94602;25008;0;30
r;13691422;94602;8595;0;30
r;54690383;94602;79586;0;30
r;360392099;94602;94602;0;30
r;120844951;94602;5988012;0;31
r;1358033;94602;51722;0;32
r;1358034;94602;111655;0;32
r;31274172;94602;256811;0;32
r;121103188;94602;72908;0;34
r;1358035;94602;132962;0;35
r;1358040;94602;27982;0;35
r;15364431;94602;13701;0;35
r;15370707;94602;16033;0;35
r;15418225;94602;92878;0;35
r;34710716;94602;143757;0;35
r;108030068;94602;290663;0;35
r;15416843;94602;98040;0;36
r;34710718;94602;43125;0;37
r;15441934;94602;143712;0;40
r;34710717;94602;214275;0;40
r;14055559;94602;183920;0;51
r;1672234;94602;152481;0;53
r;1672236;94602;153049;0;53
r;1358032;94602;115865;0;56
r;1672235;94602;217587;0;57
r;2165947;94602;55504;0;60
r;2496339;94602;140613;0;60
r;2145600;94602;145373;0;63
r;9074670;94602;99014;0;71
r;2155247;94602;123766;0;101
r;1672237;94602;20583;0;110
r;370495;94602;65012;0;181
r;23937663;94602;239128;0;1000000
r;15679403;94602;152191;3;-20
r;34666970;94602;143757;3;22
r;34666972;94602;43125;3;24
r;31260367;94602;256811;3;26
r;34666971;94602;214275;3;26
r;442546;94602;143712;3;29
r;516233;94602;13701;3;32
r;457538;94602;92878;3;34
r;458319;94602;98040;3;35
r;505529;94602;16033;3;35
r;15819143;94602;146887;4;27
r;15820880;94602;146885;4;32
r;54084936;94602;2586627;4;45
r;54086799;94602;2586637;4;45
r;54111329;94602;2586630;4;45
r;54194733;94602;2586629;4;45
r;47101;94602;146886;4;54
r;1419066;94602;171870;4;92
r;310041882;94602;597794;5;25
r;12204272;94602;44967;5;35
r;54677123;94602;57483;5;52
r;54677121;94602;91694;5;53
r;54677120;94602;79586;5;58
r;53770129;94602;13200;5;59
r;53772840;94602;89879;5;59
r;54677122;94602;143548;5;59
r;54677124;94602;71684;5;59
r;53760602;94602;106376;5;64
r;563075;94602;140613;5;76
r;563071;94602;30803;5;77
r;563074;94602;55504;5;78
r;563072;94602;63025;5;82
r;563073;94602;115865;5;82
r;563077;94602;99014;5;83
r;563076;94602;124828;5;84
r;11947063;94602;157284;6;-25
r;108896251;94602;24956;6;-25
r;108896279;94602;244620;6;-25
r;1707804;94602;3314;6;-5
r;71893533;94602;394290;6;2
r;298630360;94602;4333487;6;25
r;315320719;94602;101689;6;25
r;357210932;94602;14094383;6;25
r;82149680;94602;134218;6;26
r;108891366;94602;61490;6;27
r;108789653;94602;99021;6;28
r;82149681;94602;157283;6;35
r;108896166;94602;225916;6;43
r;630006;94602;135190;6;56
r;9899698;94602;123766;6;57
r;346615913;94602;12198274;8;1
r;351372861;94602;13853949;8;1
r;370096588;94602;14538111;8;1
r;370071676;94602;14558414;8;2
r;370071678;94602;14558419;8;2
r;328348074;94602;12669112;8;5
r;288647004;94602;11220043;8;8
r;288647006;94602;11220044;8;8
r;288615578;94602;21988;8;10
r;302802797;94602;6352774;8;14
r;301578903;94602;6344119;8;15
r;288650115;94602;11219592;8;17
r;299688858;94602;6305215;8;17
r;299739482;94602;6300052;8;17
r;300296761;94602;6329775;8;17
r;285925870;94602;11147206;8;18
r;285925996;94602;11147207;8;18
r;293192956;94602;11358964;8;19
r;298270476;94602;6285184;8;19
r;278484970;94602;10986412;8;21
r;282770980;94602;11130079;8;21
r;282774288;94602;11128806;8;21
r;304011830;94602;6380056;8;21
r;278486495;94602;10985903;8;22
r;278486533;94602;10985902;8;22
r;304498399;94602;6387972;8;22
r;274363117;94602;10914035;8;23
r;243055726;94602;2437107;8;25
r;243260411;94602;206530;8;25
r;243260413;94602;206528;8;25
r;243260416;94602;206531;8;25
r;243260417;94602;206532;8;25
r;243261244;94602;211640;8;25
r;243261245;94602;211641;8;25
r;243271411;94602;2949958;8;25
r;243479323;94602;53502;8;25
r;243543333;94602;3367774;8;25
r;247195111;94602;206529;8;25
r;247523386;94602;10297513;8;25
r;248476448;94602;5563801;8;25
r;248477930;94602;5624909;8;25
r;248483021;94602;5828261;8;25
r;248483740;94602;5816477;8;25
r;248493215;94602;5903485;8;25
r;248497653;94602;5919888;8;25
r;248498061;94602;5919433;8;25
r;248500023;94602;5942551;8;25
r;248500087;94602;5942222;8;25
r;248500106;94602;5942147;8;25
r;248502708;94602;5988012;8;25
r;248503106;94602;5985807;8;25
r;248503799;94602;5981383;8;25
r;248574767;94602;6426213;8;25
r;290317398;94602;11295731;8;25
r;349556324;94602;6349350;8;25
r;34135036;94602;436116;8;26
r;31802800;94602;283894;8;27
r;33857944;94602;374448;8;27
r;33858263;94602;374452;8;27
r;33858441;94602;374440;8;27
r;31741194;94602;272436;8;28
r;34247443;94602;154871;8;28
r;34423666;94602;30686;8;28
r;33858408;94602;374442;8;29
r;33858527;94602;374443;8;29
r;34367967;94602;232748;8;29
r;31757674;94602;274648;8;31
r;33858219;94602;374451;8;31
r;33858260;94602;374445;8;31
r;33858264;94602;374450;8;31
r;33858309;94602;374447;8;31
r;31642161;94602;234014;8;32
r;33858350;94602;374446;8;32
r;33858363;94602;374441;8;32
r;30427338;94602;229404;8;34
r;52682865;94602;2530936;8;34
r;52684029;94602;2552220;8;34
r;30602716;94602;151762;8;35
r;30998986;94602;183919;8;35
r;33857919;94602;374444;8;35
r;14044507;94602;183920;8;36
r;30634044;94602;250502;8;36
r;31074690;94602;187800;8;36
r;30179572;94602;1842624;8;37
r;53039547;94602;2387274;8;37
r;30181723;94602;1842625;8;40
r;30173334;94602;1851889;8;41
r;33858245;94602;374449;8;43
r;213928238;94602;94431;9;1
r;215795537;94602;6798394;9;1
r;213793130;94602;405965;9;4
r;10532356;94602;113274;9;9
r;10563577;94602;65012;9;11
r;210493220;94602;6912949;9;12
r;350725349;94602;221034;9;25
r;108896112;94602;142086;9;26
r;108905290;94602;74846;9;26
r;10528853;94602;61706;9;27
r;108905507;94602;107477;9;28
r;109046763;94602;228289;9;28
r;108896138;94602;81934;9;29
r;108896194;94602;50869;9;29
r;109046801;94602;240720;9;29
r;108905164;94602;16110;9;30
r;108905327;94602;95422;9;30
r;108905389;94602;140715;9;30
r;9974385;94602;115865;9;31
r;108905019;94602;139779;9;31
r;108905265;94602;96211;9;31
r;109046560;94602;77424;9;31
r;108896059;94602;26363;9;32
r;108896086;94602;51126;9;32
r;109046607;94602;225934;9;32
r;109046875;94602;145953;9;32
r;109046720;94602;34898;9;34
r;61557630;94602;167432;9;35
r;108905212;94602;221019;9;35
r;108896221;94602;144846;9;36
r;109047051;94602;77008;9;42
r;297940226;94602;6285184;11;25
r;299119116;94602;6300052;11;25
r;299483935;94602;6305215;11;25
r;300239129;94602;6329775;11;25
r;301512765;94602;6344119;11;25
r;301748309;94602;6352774;11;25
r;303669437;94602;6380056;11;25
r;304494499;94602;6387972;11;25
r;304998993;94602;6395377;11;25
r;349220495;94602;6342332;11;25
r;349265122;94602;6349350;11;25
r;350110554;94602;13853949;11;25
r;352696946;94602;13997654;11;25
r;357390189;94602;14114013;11;25
r;357390537;94602;14114017;11;25
r;357397335;94602;14114015;11;25
r;357400100;94602;14114062;11;25
r;357435989;94602;14114061;11;25
r;357437879;94602;14114053;11;25
r;357486958;94602;14113975;11;25
r;357505971;94602;14114063;11;25
r;357529555;94602;14114009;11;25
r;357538719;94602;14114064;11;25
r;357587111;94602;14116774;11;25
r;357610651;94602;14116754;11;25
r;357619161;94602;14116764;11;25
r;357619543;94602;14116761;11;25
r;366435992;94602;14428672;11;25
r;366479789;94602;14428673;11;25
r;316327242;94602;12198274;11;26
r;369445789;94602;14538111;11;26
r;370715010;94602;14589936;11;26
r;277362964;94602;10986412;11;28
r;277366453;94602;10985903;11;28
r;277366459;94602;10985902;11;28
r;122725097;94602;6426213;11;30
r;113764010;94602;5828261;11;31
r;113776161;94602;5816477;11;31
r;274351520;94602;10914035;11;31
r;274351529;94602;10914034;11;31
r;291209078;94602;11355429;11;32
r;291264546;94602;11358964;11;32
r;29946492;94602;1829986;11;33
r;110207503;94602;5563801;11;33
r;302902028;94602;11784082;11;33
r;115087422;94602;5903485;11;34
r;115844964;94602;5919888;11;34
r;115846818;94602;5919433;11;34
r;315118752;94602;12079295;11;34
r;315123217;94602;12078451;11;34
r;115846753;94602;5919454;11;35
r;116312821;94602;5942551;11;36
r;116313180;94602;5942460;11;36
r;117889594;94602;5985807;11;36
r;294598750;94602;11455597;11;36
r;247437921;94602;10297513;11;37
r;292677590;94602;11394240;11;37
r;283369461;94602;11147206;11;39
r;283289090;94602;11147207;11;40
r;117908531;94602;5981383;11;41
r;287736596;94602;11220043;11;41
r;288326003;94602;11252123;11;41
r;116313913;94602;5942222;11;42
r;117878778;94602;5988012;11;42
r;278869124;94602;11011728;11;42
r;287625307;94602;11219592;11;42
r;116313384;94602;5942405;11;43
r;53035917;94602;2387274;11;44
r;110807057;94602;5624909;11;44
r;116314198;94602;5942146;11;44
r;117874334;94602;5989249;11;44
r;55177966;94602;2437107;11;45
r;116314195;94602;5942147;11;45
r;116317320;94602;5941271;11;45
r;282307123;94602;11119632;11;50
r;282660390;94602;11128806;11;50
r;282745389;94602;11130079;11;50
r;282745646;94602;11130082;11;50
r;324293967;94602;12669112;11;50
r;348993818;94602;13778994;11;50
r;348993894;94602;13741827;11;50
r;29224901;94602;1781627;11;51
r;52461938;94602;2530936;11;51
r;83075079;94602;3306221;11;51
r;86167558;94602;3367774;11;52
r;52451709;94602;2552220;11;53
r;55337993;94602;2602347;11;54
r;77288661;94602;3185976;11;56
r;31710662;94602;1968671;11;58
r;52493824;94602;2555983;11;58
r;14371690;94602;436116;11;59
r;29899239;94602;1842625;11;59
r;29899243;94602;1842624;11;60
r;72674321;94602;2949958;11;60
r;29852179;94602;1851889;11;65
r;12604129;94602;374446;11;102
r;12604113;94602;374450;11;103
r;12604141;94602;374443;11;103
r;12604117;94602;374449;11;104
r;12604105;94602;374452;11;105
r;12604137;94602;374444;11;105
r;12604153;94602;374440;11;105
r;12604121;94602;374448;11;106
r;12604125;94602;374447;11;107
r;12604109;94602;374451;11;108
r;12604133;94602;374445;11;110
r;12604145;94602;374442;11;110
r;12604149;94602;374441;11;110
r;8698235;94602;229404;11;161
r;8701195;94602;232748;11;161
r;8701852;94602;234014;11;161
r;8713877;94602;250502;11;161
r;8686904;94602;211640;11;162
r;8686905;94602;211641;11;162
r;8580192;94602;30686;11;163
r;8622447;94602;151762;11;163
r;8624181;94602;154871;11;163
r;8637869;94602;181152;11;163
r;8638835;94602;181709;11;163
r;8642567;94602;183919;11;163
r;8642569;94602;183920;11;163
r;8678596;94602;206528;11;163
r;8678598;94602;206529;11;163
r;8678599;94602;206530;11;163
r;8678601;94602;206531;11;163
r;8678603;94602;206532;11;163
r;8739977;94602;272436;11;163
r;8742607;94602;274648;11;163
r;8751063;94602;283894;11;163
r;8772473;94602;306558;11;163
r;8648752;94602;187713;11;164
r;8648897;94602;187800;11;164
r;193775;94602;151550;12;12
r;1628299;94602;151564;12;13
r;193776;94602;151576;12;21
r;246070;94602;152813;12;21
r;1370787;94602;153037;12;21
r;3200202;94602;152842;12;21
r;233953;94602;151522;12;23
r;233952;94602;151587;12;24
r;71182;94602;151553;12;46
r;97868163;94602;576555;17;5
r;97868913;94602;123083;17;5
r;109046915;94602;1384;17;31
r;14801380;94602;279767;17;32
r;33165343;94602;36922;17;49
r;283260824;94602;264499;17;73
r;90000464;94602;3575927;18;28
r;90863814;94602;3576104;18;31
r;60381828;94602;2648542;18;40
r;327033;94602;94602;19;56
r;34666190;94602;104720;24;30
r;108905352;94602;43253;24;30
r;109046672;94602;140318;24;30
r;309121590;94602;2442;24;30
r;108905482;94602;251694;24;32
r;109047008;94602;259820;24;35
r;108905458;94602;124600;24;41
r;15067672;94602;23212;26;30
r;369919392;94602;101345;26;30
r;369919397;94602;14558416;26;30
r;369919482;94602;14558424;26;30
r;369928684;94602;14558418;26;30
r;283261067;94602;65012;28;26
r;283261071;94602;233054;28;35
r;11340067;94602;20583;28;38
r;11344466;94602;145373;28;38
r;369919332;94602;14432987;30;25
r;369919345;94602;8661;30;25
r;369919445;94602;14558421;30;25
r;13099372;94602;161661;30;30
r;13100064;94602;213515;30;30
r;13801761;94602;327932;30;35
r;13802143;94602;328870;30;35
r;33486423;94602;102345;32;-42
r;33486424;94602;37298;32;-5
r;33486425;94602;57221;32;-5
r;33155382;94602;103405;32;40
r;33768673;94602;91691;32;48
r;33779584;94602;14330;32;62
r;33486426;94602;28453;32;73
r;26722986;94602;254878;36;5
r;74494846;94602;248198;36;16
r;371535508;94602;276096;36;25
r;108896033;94602;162761;36;27
r;108896007;94602;250117;36;31
r;108891349;94602;191670;36;34
r;108895980;94602;191669;36;34
r;2570455;94602;254876;36;37
r;52559249;94602;214534;36;40
r;30791595;94602;1912917;36;41
r;26496142;94602;223172;36;43
r;668009;94602;162759;36;45
r;740806;94602;191741;36;46
r;2334233;94602;254877;36;59
r;54677119;94602;2585996;36;60
r;2569054;94602;223173;36;342
r;2018976;94602;241794;36;544
r;369934569;94602;14558419;66;86
r;369934574;94602;14558414;66;86
r;3187565;94602;166525;106;1
r;3191857;94602;10484;106;1
r;3191858;94602;8542;106;1
r;3190705;94602;15196;106;2
r;3173311;94602;50889;106;3
r;3174425;94602;25008;106;26
r;34246974;94602;2337348;128;1
r;71893536;94602;2931753;128;1
r;213952588;94602;9477928;128;1
r;283285600;94602;11147181;128;1
r;364789914;94602;14347264;128;1
r;371825890;94602;14637359;128;1
r;54666266;94602;2590985;128;2
r;101048489;94602;4697905;128;3
r;364789918;94602;14347265;128;3
r;23099325;94602;1341060;128;5
r;220107309;94602;9943487;128;5
r;220107267;94602;9943480;128;5
r;220101848;94602;9942685;128;5
r;110343254;94602;5586765;128;9
r;110343452;94602;5586811;128;9
r;110343574;94602;5586839;128;9
r;110343658;94602;5586859;128;9
r;110350802;94602;5588452;128;9
r;110350902;94602;5588477;128;9
r;110350975;94602;5588495;128;9
r;110351059;94602;5588516;128;9
r;110351174;94602;5588540;128;9
r;110330285;94602;5583773;128;10
r;110332613;94602;5584303;128;10
r;110332759;94602;5584329;128;10
r;110332779;94602;5584334;128;10
r;110339226;94602;5585834;128;10
r;110339914;94602;5586000;128;10
r;110340027;94602;5586027;128;10
r;110340131;94602;5586053;128;10
r;110340226;94602;5586077;128;10
r;110342287;94602;5586554;128;10
r;127742975;94602;7927829;128;13
r;127743204;94602;7927886;128;13
r;210460182;94602;9236404;128;29
r;216881267;94602;9641302;128;81
r;110332819;94602;5584344;128;264
r;110343360;94602;5586788;128;274
r;87250578;94602;84162;161;32
r;340770609;94602;13426485;200;1
r;324292731;94602;12669105;200;1
r;324187464;94602;12666380;200;1
r;324490907;94602;12674833;200;1
r;324490972;94602;12674835;200;1
r;324491343;94602;12674846;200;1
r;324491663;94602;12674850;200;1
r;324672539;94602;12679231;200;1
r;325252683;94602;12693081;200;1
r;325341058;94602;12695219;200;1
r;325361135;94602;12695644;200;1
r;325361244;94602;12695647;200;1
r;325361317;94602;12695649;200;1
r;325468580;94602;12698266;200;1
r;325943937;94602;12709166;200;1
r;326322591;94602;12716849;200;1
r;326322658;94602;12716850;200;1
r;326526665;94602;12720619;200;1
r;326974503;94602;12731062;200;1
r;326974686;94602;12731066;200;1
r;326974892;94602;12731070;200;1
r;326975078;94602;12731075;200;1
r;326975292;94602;12731080;200;1
r;327036785;94602;12732691;200;1
r;327274049;94602;12737909;200;1
r;327605508;94602;12770449;200;1
r;327605808;94602;12770459;200;1
r;327989889;94602;12784300;200;1
r;329164410;94602;12826609;200;1
r;330805278;94602;12889341;200;1
r;332102450;94602;12977624;200;1
r;332102718;94602;12977630;200;1
r;333550435;94602;12985368;200;1
r;333646800;94602;12987181;200;1
r;333733285;94602;12989032;200;1
r;333951788;94602;12991359;200;1
r;334405543;94602;13034264;200;1
r;335318966;94602;13116107;200;1
r;342309140;94602;13517332;200;1
r;324252185;94602;12668170;200;2
r;324635168;94602;12678251;200;2
r;324763381;94602;12681502;200;2
r;326249831;94602;12715346;200;2
r;326519441;94602;12720450;200;2
r;326609934;94602;12722364;200;2
r;326775594;94602;12726253;200;2
r;327043768;94602;12732843;200;2
r;327047414;94602;12732941;200;2
r;327048007;94602;12732959;200;2
r;327207653;94602;12736491;200;2
r;342471925;94602;13519502;200;2
r;344421757;94602;13596646;200;2
r;345188518;94602;13614945;200;2
r;348016384;94602;13710520;200;2
r;349491972;94602;13817086;200;2
r;350563972;94602;13879389;200;2
r;353823096;94602;14019536;200;2
r;356335134;94602;14092347;200;2
r;357495116;94602;14116199;200;2
r;357499810;94602;14116306;200;2
r;357499873;94602;14116307;200;2
r;357499941;94602;14116308;200;2
r;357500010;94602;14116309;200;2
r;357500077;94602;14116311;200;2
r;357500137;94602;14116312;200;2
r;357531479;94602;14116780;200;2
r;357531689;94602;14116784;200;2
r;357531734;94602;14116785;200;2
r;357927795;94602;14128573;200;2
r;358822129;94602;14143294;200;2
r;359813423;94602;14162860;200;2
r;359909127;94602;14165289;200;2
r;360265729;94602;14173621;200;2
r;360678812;94602;14192825;200;2
r;326212662;94602;12714560;200;3
r;327047191;94602;12732933;200;3
r;328007011;94602;12784630;200;3
r;324604836;94602;12677625;200;4
r;326356077;94602;12717543;200;4
r;347675600;94602;13684352;200;4
r;352484291;94602;13991722;200;4
r;351965976;94602;13981669;200;4
r;354067218;94602;14025737;200;4
r;354710444;94602;14042163;200;4
r;356580821;94602;14095390;200;4
r;356581119;94602;14095396;200;4
r;358486228;94602;14136525;200;4
r;359221765;94602;14154899;200;4
r;359222712;94602;14154919;200;4
r;359223014;94602;14154923;200;4
r;359234108;94602;14155113;200;4
r;330796951;94602;12889265;200;5
r;348018115;94602;13710560;200;6
r;359233923;94602;14155109;200;6
r;359234262;94602;14155117;200;6
r;347678865;94602;13684424;200;12
r;94172141;94602;3771293;444;1
r;94188287;94602;3789427;444;1
r;94328959;94602;3947114;444;1
r;94469956;94602;4103992;444;1
r;94485949;94602;4121713;444;1
r;348830857;94602;9930469;444;25
r;86970621;94602;3390502;444;27
r;86970622;94602;3390503;444;27
r;86970620;94602;3390501;444;32
r;78119832;94602;3228593;444;34
r;86970619;94602;3390500;444;34
r;119439251;94602;6196522;444;34
r;73969975;94602;2983124;555;19827
r;1682625;94602;119272;666;1
r;9052455;94602;51722;666;1
r;9105578;94602;17545;666;1
r;1682626;94602;129264;666;2
r;8855495;94602;8595;666;2
r;1682624;94602;111655;666;3
r;1682627;94602;36922;666;4
r;1682623;94602;65012;666;10
r;1682622;94602;115865;666;11
r;3389165;94602;272116;777;3
r;3389166;94602;135737;777;3
r;3389167;94602;6958;777;3
r;3389168;94602;153231;777;3
r;3389169;94602;38303;777;3
r;3389170;94602;5385;777;3
r;3389171;94602;143627;777;3
r;3389172;94602;20762;777;3
r;3389173;94602;154871;777;3
r;3389174;94602;250502;777;3
r;3389175;94602;86032;777;3
r;3389176;94602;183920;777;3
r;3389177;94602;143468;777;3
r;3389178;94602;229404;777;3
r;3389179;94602;53267;777;3
r;3389180;94602;262512;777;3
r;3389181;94602;152507;777;3
r;3389182;94602;23255;777;3
r;3389183;94602;266016;777;3
r;3389184;94602;174932;777;3
r;3389185;94602;167583;777;3
r;3389186;94602;145447;777;3
r;3389187;94602;113317;777;3
r;6346718;94602;61281;777;3
r;6346724;94602;151551;777;3
r;6346730;94602;144003;777;3
r;6346739;94602;142346;777;3
r;6346740;94602;2678;777;3
r;6346748;94602;87682;777;3
r;6346754;94602;135925;777;3
r;6346762;94602;335;777;3
r;6346768;94602;137223;777;3
r;6346774;94602;117157;777;3
r;6346780;94602;142126;777;3
r;6346789;94602;64529;777;3
r;6346790;94602;146459;777;3
r;6346801;94602;223688;777;3
r;6346802;94602;140916;777;3
r;6346813;94602;287221;777;3
r;6346814;94602;61215;777;3
r;6346822;94602;123696;777;3
r;6346828;94602;235234;777;3
r;6346834;94602;60305;777;3
r;6346840;94602;142939;777;3
r;7544528;94602;272436;777;3
r;17494546;94602;403701;777;9
r;17922275;94602;292126;777;9
r;21817320;94602;374445;777;9
r;92863538;94602;2556910;777;9
r;287625167;94602;138989;777;10
r;287625169;94602;4312536;777;10
r;287625171;94602;5537639;777;10
r;287625173;94602;9255357;777;10
r;287625175;94602;10985902;777;10
r;287625180;94602;5813647;777;10
r;287625182;94602;5563801;777;10
r;287625184;94602;2602347;777;10
r;287625186;94602;5985807;777;10
r;287625188;94602;11119628;777;10
r;287678475;94602;11220043;777;10
r;290441731;94602;11090374;777;10
r;290441736;94602;10039261;777;10
r;361102208;94602;13855952;777;10
r;361102213;94602;2949006;777;10
r;285508667;94602;1908784;999;3
r;285508727;94602;1908758;999;3
r;285508756;94602;1908782;999;3
r;285508784;94602;1908800;999;3
r;285508810;94602;1908801;999;3
r;285210290;94602;322786;999;5
r;285210305;94602;322788;999;5
r;285048936;94602;220075;999;7
r;285048938;94602;220076;999;7
r;285196271;94602;1965945;999;7
r;285196297;94602;1965947;999;7
r;285196309;94602;1965948;999;7
r;285196322;94602;1965967;999;7
r;16021485;94602;244048;999;9
r;16021487;94602;244050;999;9
r;16021489;94602;244051;999;9
r;16021491;94602;244052;999;9
r;284374377;94602;242149;999;10
r;284374389;94602;242150;999;10
r;285134673;94602;1908820;999;22
r;285134709;94602;1908825;999;22
r;285134746;94602;1908826;999;22
r;285134784;94602;1908827;999;22
r;285134822;94602;1908828;999;22
r;285134860;94602;1908829;999;22
r;285134893;94602;1908830;999;22
r;285134969;94602;1908832;999;22 // les relations entrantes :
r;rid;node1;node2;type;w
r;82209372;152552;94602;0;1
r;82210680;152553;94602;0;1
r;122725098;6426213;94602;0;1
r;304998994;6395377;94602;0;1
r;349220496;6342332;94602;0;1
r;352696947;13997654;94602;0;1
r;357390190;14114013;94602;0;1
r;357390538;14114017;94602;0;1
r;357397336;14114015;94602;0;1
r;357400101;14114062;94602;0;1
r;357435990;14114061;94602;0;1
r;357437880;14114053;94602;0;1
r;357486959;14113975;94602;0;1
r;357505972;14114063;94602;0;1
r;357529556;14114009;94602;0;1
r;357538720;14114064;94602;0;1
r;357587112;14116774;94602;0;1
r;357610652;14116754;94602;0;1
r;357619162;14116764;94602;0;1
r;357619545;14116761;94602;0;1
r;366435993;14428672;94602;0;1
r;366479790;14428673;94602;0;1
r;349265123;6349350;94602;0;2
r;350110555;13853949;94602;0;2
r;370715011;14589936;94602;0;2
r;288647005;11220044;94602;0;3
r;316327243;12198274;94602;0;3
r;369445790;14538111;94602;0;3
r;110142687;240720;94602;0;4
r;110142958;228289;94602;0;4
r;110142981;34898;94602;0;4
r;110143007;225934;94602;0;4
r;110144419;77424;94602;0;4
r;110144486;77008;94602;0;4
r;110092575;50869;94602;0;5
r;110092608;81934;94602;0;5
r;110092617;142086;94602;0;5
r;110092660;26363;94602;0;5
r;110094254;74846;94602;0;5
r;110094354;139779;94602;0;5
r;110094592;140715;94602;0;5
r;110094974;107477;94602;0;5
r;110094981;95422;94602;0;5
r;288615577;21988;94602;0;5
r;301748310;6352774;94602;0;5
r;301512766;6344119;94602;0;6
r;113764012;5828261;94602;0;7
r;113776162;5816477;94602;0;7
r;274351530;10914034;94602;0;7
r;303669438;6380056;94602;0;7
r;115087423;5903485;94602;0;8
r;291209079;11355429;94602;0;8
r;299119118;6300052;94602;0;8
r;299483936;6305215;94602;0;8
r;300239130;6329775;94602;0;8
r;304494500;6387972;94602;0;8
r;29946495;1829986;94602;0;9
r;110207504;5563801;94602;0;9
r;110807058;5624909;94602;0;9
r;117908532;5981383;94602;0;9
r;302902029;11784082;94602;0;9
r;55177967;2437107;94602;0;10
r;115844965;5919888;94602;0;10
r;115846819;5919433;94602;0;10
r;116312822;5942551;94602;0;10
r;116313385;5942405;94602;0;10
r;116314199;5942146;94602;0;10
r;117878779;5988012;94602;0;10
r;117889595;5985807;94602;0;10
r;297940229;6285184;94602;0;10
r;315118753;12079295;94602;0;10
r;315123218;12078451;94602;0;10
r;8861421;25643;94602;0;11
r;10563576;65012;94602;0;11
r;115846754;5919454;94602;0;11
r;116313181;5942460;94602;0;11
r;116313914;5942222;94602;0;11
r;116314196;5942147;94602;0;11
r;116317321;5941271;94602;0;11
r;117874335;5989249;94602;0;11
r;294598751;11455597;94602;0;12
r;9899697;123766;94602;0;13
r;15441933;143712;94602;0;13
r;292677591;11394240;94602;0;13
r;97121142;141906;94602;0;15
r;97457713;124324;94602;0;15
r;15416842;98040;94602;0;16
r;247437922;10297513;94602;0;17
r;288326004;11252123;94602;0;17
r;291264547;11358964;94602;0;17
r;278869125;11011728;94602;0;18
r;287736597;11220043;94602;0;20
r;310041881;597794;94602;0;20
r;998357;97134;94602;0;21
r;1052862;120259;94602;0;21
r;12283716;63025;94602;0;21
r;12306835;140613;94602;0;21
r;794397;79239;94602;0;22
r;880088;77946;94602;0;22
r;9974384;115865;94602;0;22
r;12283711;30803;94602;0;22
r;54698349;71684;94602;0;22
r;54829624;79586;94602;0;22
r;865854;52063;94602;0;23
r;1011081;84619;94602;0;23
r;11613748;269583;94602;0;23
r;11613879;213415;94602;0;23
r;12304378;55504;94602;0;23
r;283369462;11147206;94602;0;23
r;760326;74488;94602;0;24
r;788553;36299;94602;0;24
r;807467;79805;94602;0;24
r;61044135;2364249;94602;0;24
r;97650211;1978823;94602;0;24
r;283289091;11147207;94602;0;24
r;287625308;11219592;94602;0;25
r;290317397;11295731;94602;0;25
r;336928694;7575551;94602;0;25
r;348885749;9930468;94602;0;25
r;369919338;8661;94602;0;25
r;369919348;14558414;94602;0;25
r;369919355;14558415;94602;0;25
r;369919378;101345;94602;0;25
r;369919387;14558418;94602;0;25
r;369919395;14558419;94602;0;25
r;369919402;14558417;94602;0;25
r;369919412;14558420;94602;0;25
r;369919455;14558423;94602;0;25
r;369919486;14558425;94602;0;25
r;369919496;14558426;94602;0;25
r;872425;50432;94602;0;26
r;1040931;81591;94602;0;26
r;15418224;92878;94602;0;26
r;21096911;53673;94602;0;26
r;277366454;10985903;94602;0;26
r;359209715;216305;94602;0;26
r;867683;42188;94602;0;27
r;10528852;61706;94602;0;27
r;14449666;417850;94602;0;27
r;97650261;1978824;94602;0;27
r;108030061;290663;94602;0;27
r;274351522;10914035;94602;0;27
r;277362965;10986412;94602;0;27
r;54835773;57483;94602;0;28
r;108030057;202461;94602;0;28
r;884886;44155;94602;0;29
r;15728168;152191;94602;0;29
r;21154661;119018;94602;0;29
r;97454312;144148;94602;0;29
r;108030074;115914;94602;0;29
r;277366460;10985902;94602;0;29
r;798107;143548;94602;0;30
r;800643;106376;94602;0;30
r;1035894;144943;94602;0;30
r;1989105;242148;94602;0;30
r;12283707;124828;94602;0;30
r;15304118;16033;94602;0;30
r;31660704;1965946;94602;0;30
r;34655833;3082;94602;0;30
r;34655837;143757;94602;0;30
r;34655838;587994;94602;0;30
r;34655839;253532;94602;0;30
r;34655841;214275;94602;0;30
r;34655843;43125;94602;0;30
r;53770128;13200;94602;0;30
r;85008196;107073;94602;0;30
r;282745647;11130082;94602;0;30
r;360392099;94602;94602;0;30
r;371186594;48625;94602;0;30
r;371186596;14604842;94602;0;30
r;371186597;14604843;94602;0;30
r;371186598;14530473;94602;0;30
r;371186601;14530478;94602;0;30
r;371186604;14604844;94602;0;30
r;371186605;14604845;94602;0;30
r;2161239;167736;94602;0;31
r;30746554;1908831;94602;0;31
r;1893514;143490;94602;0;32
r;9365404;199837;94602;0;32
r;21155092;106722;94602;0;32
r;34456861;83288;94602;0;32
r;97454257;26738;94602;0;32
r;210493219;6912949;94602;0;32
r;282307124;11119632;94602;0;33
r;9112777;322787;94602;0;34
r;108030065;105246;94602;0;34
r;282660391;11128806;94602;0;34
r;282745390;11130079;94602;0;34
r;324293968;12669112;94602;0;34
r;1630833;220077;94602;0;35
r;1861962;179806;94602;0;35
r;1880988;45581;94602;0;35
r;2337207;119272;94602;0;35
r;9112774;88345;94602;0;35
r;15297249;13701;94602;0;35
r;30743867;1908755;94602;0;35
r;352297614;51126;94602;0;35
r;357357203;14113681;94602;0;35
r;2591230;36922;94602;0;36
r;975044;89879;94602;0;38
r;12070741;249564;94602;0;42
r;84991892;272773;94602;0;42
r;1991298;113274;94602;0;43
r;61039440;167432;94602;0;43
r;53035918;2387274;94602;0;44
r;1608820;137550;94602;0;45
r;88973508;98454;94602;0;49
r;348993819;13778994;94602;0;50
r;348993895;13741827;94602;0;50
r;29899240;1842625;94602;0;51
r;52451710;2552220;94602;0;51
r;55337994;2602347;94602;0;51
r;76807178;89503;94602;0;51
r;77288662;3185976;94602;0;51
r;83075080;3306221;94602;0;51
r;293887334;111655;94602;0;51
r;318889704;216335;94602;0;51
r;31274171;256811;94602;0;52
r;1630708;145373;94602;0;54
r;14371691;436116;94602;0;55
r;367300633;173160;94602;0;55
r;368948834;11839408;94602;0;55
r;371160198;14604870;94602;0;55
r;10582132;135190;94602;0;56
r;29852180;1851889;94602;0;57
r;52493825;2555983;94602;0;57
r;86167559;3367774;94602;0;57
r;31710663;1968671;94602;0;58
r;52461939;2530936;94602;0;58
r;72674322;2949958;94602;0;58
r;85012759;53502;94602;0;58
r;15780121;225799;94602;0;59
r;97339972;19226;94602;0;59
r;71181;44967;94602;0;60
r;871155;91694;94602;0;60
r;29224902;1781627;94602;0;60
r;100253408;1734680;94602;0;61
r;29899244;1842624;94602;0;70
r;1057272;132962;94602;0;88
r;11118500;99014;94602;0;92
r;1599851;217587;94602;0;95
r;12604130;374446;94602;0;101
r;12604150;374441;94602;0;101
r;12604106;374452;94602;0;102
r;12604134;374445;94602;0;102
r;12604154;374440;94602;0;102
r;12604110;374451;94602;0;103
r;12604114;374450;94602;0;103
r;12604118;374449;94602;0;103
r;12604122;374448;94602;0;103
r;12604126;374447;94602;0;103
r;130264;153049;94602;0;105
r;12604138;374444;94602;0;105
r;12604142;374443;94602;0;107
r;12604146;374442;94602;0;107
r;2113844;244049;94602;0;125
r;9384502;30686;94602;0;143
r;9429962;151762;94602;0;145
r;9432168;154871;94602;0;145
r;9448723;181152;94602;0;146
r;9449814;181709;94602;0;146
r;9453916;183919;94602;0;146
r;9453918;183920;94602;0;146
r;9461161;187713;94602;0;147
r;9461341;187800;94602;0;147
r;9491993;206528;94602;0;147
r;9491995;206529;94602;0;147
r;9491997;206530;94602;0;147
r;9491999;206531;94602;0;147
r;9492001;206532;94602;0;147
r;9501237;211640;94602;0;147
r;9501239;211641;94602;0;147
r;9515486;234014;94602;0;147
r;9526196;250502;94602;0;147
r;9552749;272436;94602;0;147
r;9555716;274648;94602;0;147
r;9565105;283894;94602;0;147
r;9589163;306558;94602;0;147
r;9512262;229404;94602;0;157
r;9514901;232748;94602;0;157
r;31783075;152481;94602;0;165
r;107171;20583;94602;0;170
r;309355374;597794;94602;5;33
r;54690386;143548;94602;5;38
r;53570890;89879;94602;5;51
r;53582985;13200;94602;5;52
r;54690384;79586;94602;5;52
r;54690385;91694;94602;5;52
r;54690388;57483;94602;5;52
r;53591108;106376;94602;5;55
r;54664121;71684;94602;5;59
r;1628298;44967;94602;5;70
r;563083;140613;94602;5;76
r;613408;30803;94602;5;76
r;613403;63025;94602;5;78
r;625381;99014;94602;5;80
r;556264;115865;94602;5;81
r;613411;124828;94602;5;81
r;567193;55504;94602;5;82
r;277317715;10985902;94602;6;25
r;277317716;10985903;94602;6;25
r;287711394;11220043;94602;6;25
r;287711395;11220044;94602;6;25
r;288331855;21988;94602;6;25
r;349265124;6349350;94602;6;25
r;350110556;13853949;94602;6;25
r;357390191;14114013;94602;6;25
r;357390539;14114017;94602;6;25
r;357397337;14114015;94602;6;25
r;357400102;14114062;94602;6;25
r;357435991;14114061;94602;6;25
r;357437881;14114053;94602;6;25
r;357486960;14113975;94602;6;25
r;357505973;14114063;94602;6;25
r;357538724;14114064;94602;6;25
r;357610653;14116754;94602;6;25
r;357619164;14116764;94602;6;25
r;357619546;14116761;94602;6;25
r;366435994;14428672;94602;6;25
r;369445791;14538111;94602;6;25
r;369919341;14558414;94602;6;25
r;369919388;14558419;94602;6;25
r;370715012;14589936;94602;6;25
r;72674323;2949958;94602;6;26
r;76221459;206530;94602;6;26
r;76221542;206528;94602;6;26
r;76223073;206531;94602;6;26
r;76223417;206532;94602;6;26
r;76238629;211640;94602;6;26
r;76238949;211641;94602;6;26
r;85012758;53502;94602;6;26
r;86167560;3367774;94602;6;26
r;247437923;10297513;94602;6;26
r;274351526;10914035;94602;6;26
r;277362966;10986412;94602;6;26
r;282697059;11128806;94602;6;26
r;282745391;11130079;94602;6;26
r;283289092;11147207;94602;6;26
r;283369463;11147206;94602;6;26
r;287625309;11219592;94602;6;26
r;291264548;11358964;94602;6;26
r;299119121;6300052;94602;6;26
r;299483937;6305215;94602;6;26
r;301512767;6344119;94602;6;26
r;301748311;6352774;94602;6;26
r;303669439;6380056;94602;6;26
r;316327244;12198274;94602;6;26
r;324293969;12669112;94602;6;26
r;103670504;206529;94602;6;27
r;31756407;274648;94602;6;29
r;31801476;283894;94602;6;29
r;115087424;5903485;94602;6;29
r;110207505;5563801;94602;6;30
r;113764014;5828261;94602;6;30
r;116314197;5942147;94602;6;30
r;117878780;5988012;94602;6;30
r;117889596;5985807;94602;6;30
r;289915556;11295731;94602;6;30
r;371186595;14604842;94602;6;30
r;297940230;6285184;94602;6;31
r;300239131;6329775;94602;6;31
r;304494501;6387972;94602;6;31
r;34134843;436116;94602;6;32
r;110807059;5624909;94602;6;32
r;115844966;5919888;94602;6;32
r;117908533;5981383;94602;6;32
r;115846820;5919433;94602;6;33
r;116313915;5942222;94602;6;33
r;31642102;234014;94602;6;34
r;31734577;272436;94602;6;34
r;33847792;374442;94602;6;34
r;33848274;374445;94602;6;34
r;34246970;154871;94602;6;34
r;33848268;374452;94602;6;35
r;33848403;374451;94602;6;35
r;55177968;2437107;94602;6;35
r;116312823;5942551;94602;6;35
r;122725099;6426213;94602;6;35
r;31072138;187800;94602;6;36
r;52451711;2552220;94602;6;36
r;52461940;2530936;94602;6;36
r;30621232;250502;94602;6;37
r;33849506;374444;94602;6;37
r;33847943;374446;94602;6;38
r;33849405;374448;94602;6;38
r;30995499;183919;94602;6;39
r;53035919;2387274;94602;6;39
r;30601696;151762;94602;6;40
r;33847902;374441;94602;6;40
r;113776166;5816477;94602;6;40
r;30161126;1851889;94602;6;41
r;30167693;1842624;94602;6;41
r;30426910;229404;94602;6;41
r;33847456;374443;94602;6;41
r;34422577;30686;94602;6;41
r;30167692;1842625;94602;6;42
r;33847690;374440;94602;6;43
r;33848072;374447;94602;6;43
r;33848266;374450;94602;6;43
r;33848332;374449;94602;6;43
r;34364833;232748;94602;6;43
r;367300636;173160;94602;6;75
r;14044465;183920;94602;6;99
r;298774822;4333487;94602;8;10
r;247453831;116477;94602;8;15
r;242863580;134218;94602;8;25
r;242863581;157283;94602;8;25
r;246697225;99021;94602;8;25
r;246744416;61490;94602;8;25
r;246764859;225916;94602;8;25
r;9641604;135190;94602;8;29
r;193774;123766;94602;8;101
r;14053670;145373;94602;9;-1
r;208674550;19356;94602;10;15
r;274150618;116980;94602;10;15
r;321774427;6802231;94602;10;15
r;332638528;148104;94602;10;15
r;332965899;174120;94602;10;15
r;212340922;405965;94602;10;21
r;109092211;225934;94602;10;22
r;109092271;77424;94602;10;22
r;109092087;228289;94602;10;23
r;108927810;139779;94602;10;24
r;108932179;81934;94602;10;24
r;108927438;107477;94602;10;27
r;108927588;74846;94602;10;27
r;108932351;26363;94602;10;27
r;109092149;34898;94602;10;27
r;108927490;140715;94602;10;28
r;108932239;142086;94602;10;28
r;109091903;77008;94602;10;28
r;109092027;240720;94602;10;28
r;108932103;50869;94602;10;29
r;108927710;221019;94602;10;31
r;109091965;145953;94602;10;31
r;108927640;96211;94602;10;32
r;1991299;113274;94602;10;35
r;61039441;167432;94602;10;35
r;108932049;144846;94602;10;35
r;108927760;16110;94602;10;36
r;108927540;95422;94602;10;40
r;212113579;94431;94602;10;40
r;196068655;6798394;94602;10;42
r;4145503;65012;94602;10;51
r;426781;61706;94602;10;55
r;233951;115865;94602;10;58
r;196004753;6912949;94602;10;105
r;108932293;51126;94602;10;106
r;108923413;251694;94602;13;26
r;34655834;104720;94602;13;30
r;108923438;124600;94602;13;30
r;108923463;43253;94602;13;30
r;109332447;259820;94602;13;30
r;283972243;2442;94602;13;30
r;109332581;140318;94602;13;34
r;369919377;101345;94602;14;30
r;369919396;14558416;94602;14;30
r;369919481;14558424;94602;14;30
r;1370786;23212;94602;14;60
r;369919380;14558418;94602;14;100
r;283261068;65012;94602;15;25
r;366720006;112192;94602;15;30
r;366720007;213833;94602;15;30
r;371186600;14530478;94602;15;30
r;371186602;14604844;94602;15;30
r;283261072;233054;94602;15;35
r;436641;20583;94602;15;53
r;371160187;14604870;94602;15;59
r;246069;145373;94602;15;78
r;3200201;162163;94602;16;55
r;11574146;327998;94602;16;55
r;327033;94602;94602;19;56
r;225779;145373;94602;20;70
r;308083627;674601;94602;23;10
r;97357306;123083;94602;23;21
r;109312688;1384;94602;23;26
r;97454160;576555;94602;23;28
r;4446371;279767;94602;23;35
r;283260825;264499;94602;23;70
r;33162812;36922;94602;23;84
r;15538419;152191;94602;27;-23
r;82209371;152552;94602;27;1
r;82210681;152553;94602;27;1
r;15216949;143712;94602;27;15
r;15203455;98040;94602;27;18
r;15174121;16033;94602;27;24
r;15165999;13701;94602;27;26
r;15204229;92878;94602;27;27
r;34655836;143757;94602;27;30
r;34655840;214275;94602;27;30
r;34655842;43125;94602;27;30
r;85009211;107073;94602;27;30
r;31274170;256811;94602;27;51
r;368950070;11839408;94602;27;55
r;369919331;14432987;94602;31;25
r;369919334;14558413;94602;31;25
r;369919337;8661;94602;31;25
r;369919444;14558421;94602;31;25
r;371186591;14530471;94602;31;30
r;371186592;14604841;94602;31;30
r;371186593;48625;94602;31;30
r;371186599;14530473;94602;31;30
r;371186603;14604845;94602;31;30
r;103222839;4900719;94602;31;52
r;103250765;4908150;94602;31;52
r;272887;124550;94602;31;57
r;12994767;161661;94602;31;59
r;13013882;327932;94602;31;59
r;12982847;213515;94602;31;69
r;13012281;328870;94602;31;69
r;1575047;152481;94602;33;55
r;9100569;199837;94602;35;31
r;9112758;88345;94602;35;31
r;24753100;89879;94602;35;35
r;24759220;98454;94602;35;46
r;10734850;99014;94602;35;91
r;34563175;102345;94602;115;1
r;34563170;28453;94602;115;3
r;34563171;91691;94602;115;3
r;34563172;14330;94602;115;3
r;87250577;84162;94602;161;30
r;87907298;21930;94602;161;30
r;347758105;13684431;94602;200;-1
r;359222815;14154896;94602;200;-1
r;324490937;12674833;94602;200;1
r;325341091;12695219;94602;200;1
r;334405572;13034264;94602;200;1
r;326610014;12722364;94602;200;2
r;327048023;12732959;94602;200;2
r;350110998;13854039;94602;200;2
r;357531642;14116783;94602;200;2
r;359223030;14154923;94602;200;2
r;359813449;14162860;94602;200;2
r;327047225;12732933;94602;200;3
r;347675639;13684352;94602;200;3
r;359222748;14154919;94602;200;3
r;359233955;14155109;94602;200;3
r;359234278;14155117;94602;200;3
r;347678901;13684424;94602;200;6
r;2113847;244049;94602;666;1
r;15089839;90865;94602;666;1
r;1764382;99014;94602;666;2
r;1697353;132962;94602;666;3
r;3417766;118369;94602;777;1
r;10709807;124822;94602;777;1
r;3354404;140613;94602;777;4
r;3354406;90865;94602;777;9
r;3928026;19412;94602;777;9
r;3403756;272436;94602;777;10
r;3417767;272463;94602;777;10
r;3564631;99014;94602;777;10
r;3564632;46994;94602;777;10
r;3564633;64298;94602;777;10
r;3627534;135637;94602;777;10
r;3815720;229404;94602;777;10
r;3815787;274648;94602;777;10
r;3859208;20762;94602;777;10
r;3859209;123467;94602;777;10
r;3927912;111655;94602;777;10
r;3988176;22784;94602;777;10
r;3988181;275775;94602;777;10
r;4071543;36;94602;777;10
r;4077237;143062;94602;777;10
r;4077239;321;94602;777;10
r;4113067;68553;94602;777;10
r;4133396;3082;94602;777;10
r;4153586;277229;94602;777;10
r;4153587;2700;94602;777;10
r;4227063;5550;94602;777;10
r;4227064;138989;94602;777;10
r;4336646;51773;94602;777;10
r;4336647;278859;94602;777;10
r;4373660;9892;94602;777;10
r;4373661;138062;94602;777;10
r;4467919;140114;94602;777;10
r;4467920;18313;94602;777;10
r;4644096;10976;94602;777;10
r;4798707;197450;94602;777;10
r;4798708;282595;94602;777;10
r;4861127;64716;94602;777;10
r;5065372;270696;94602;777;10
r;5158667;52724;94602;777;10
r;5173269;53502;94602;777;10
r;5195127;285501;94602;777;10
r;5232333;219043;94602;777;10
r;5232334;46677;94602;777;10
r;5380615;272116;94602;777;10
r;5380622;272117;94602;777;10
r;7690621;129551;94602;777;10
r;7873967;160588;94602;777;10
r;8458967;259824;94602;777;10
r;8536979;312341;94602;777;10
r;8536980;312340;94602;777;10
r;8901237;316756;94602;777;10
r;17314451;409099;94602;777;10
r;17314460;115914;94602;777;10
r;28116881;78406;94602;777;10
r;28645078;313609;94602;777;10
r;28910852;84989;94602;777;10
r;50368741;2365049;94602;777;10
r;50368768;2360927;94602;777;10
r;53159637;2393187;94602;777;10
r;53159649;2581735;94602;777;10
r;53177864;2394045;94602;777;10
r;53247663;2398073;94602;777;10
r;54390650;2416701;94602;777;10
r;54406985;2417472;94602;777;10
r;54471556;2420615;94602;777;10
r;54525250;2423677;94602;777;10
r;54871017;2429263;94602;777;10
r;61443766;2485316;94602;777;10
r;69908432;2514258;94602;777;10
r;87067664;2606775;94602;777;10
r;87067665;3400169;94602;777;10
r;93415929;3742052;94602;777;10
r;109527158;161291;94602;777;10
r;109527160;5534834;94602;777;10
r;109527162;5534835;94602;777;10
r;109527164;5534836;94602;777;10
r;110004781;5563801;94602;777;10
r;110007932;2557126;94602;777;10
r;113390156;5816527;94602;777;10
r;114975247;5899811;94602;777;10
r;115533358;5918974;94602;777;10
r;115552224;5919473;94602;777;10
r;115553148;5919516;94602;777;10
r;115975953;111649;94602;777;10
r;116013478;5942146;94602;777;10
r;116013479;5942147;94602;777;10
r;116025041;5942551;94602;777;10
r;209801749;41812;94602;777;10
r;228454671;10055824;94602;777;10
r;241592155;2388898;94602;777;10
r;269336198;10761346;94602;777;10
r;274347001;10914034;94602;777;10
r;274347002;10914035;94602;777;10
r;278608581;11008063;94602;777;10
r;279026756;2411022;94602;777;10
r;280489175;11065221;94602;777;10
r;280489241;11065222;94602;777;10
r;280942047;2385019;94602;777;10
r;281432163;11096188;94602;777;10
r;282743709;11130079;94602;777;10
r;282743993;11130082;94602;777;10
r;288121601;9267656;94602;777;10
r;288121602;9267657;94602;777;10
r;288121603;5951228;94602;777;10
r;288121604;411314;94602;777;10
r;288121605;10090078;94602;777;10
r;288121606;248729;94602;777;10
r;288136293;377594;94602;777;10
r;288207415;247672;94602;777;10
r;288315094;11252121;94602;777;10
r;288315186;11252123;94602;777;10
r;288315539;11252130;94602;777;10
r;291075762;11355429;94602;777;10
r;291110352;11356111;94602;777;10
r;291110353;11356112;94602;777;10
r;291110354;11356113;94602;777;10
r;302741612;11784049;94602;777;10
r;305936036;92004;94602;777;10
r;305936037;11832516;94602;777;10
r;308831836;133654;94602;777;10
r;314166853;2483528;94602;777;10
r;330839299;2388008;94602;777;10
r;334404013;13034240;94602;777;10
r;334404014;13034241;94602;777;10
r;334404015;265901;94602;777;10
r;342909959;5921822;94602;777;10
r;346986944;6006569;94602;777;10
r;352483048;418415;94602;777;10
r;352688123;13997671;94602;777;10
r;357053347;432196;94602;777;10
r;357384857;14114009;94602;777;10
r;357388138;14114060;94602;777;10
r;357388139;14114061;94602;777;10
r;357388212;14114062;94602;777;10
r;357388244;14114063;94602;777;10
r;357388261;14114064;94602;777;10
r;357529900;573968;94602;777;10
r;357529901;5618625;94602;777;10
r;357529902;14116753;94602;777;10
r;357529903;14116754;94602;777;10
r;357530165;14116755;94602;777;10
r;357530449;14116761;94602;777;10
r;357530524;14116762;94602;777;10
r;357530856;14116764;94602;777;10
r;360074049;14168251;94602;777;10
r;361121210;14226993;94602;777;10
r;367226094;14469421;94602;777;10
r;367226096;14469422;94602;777;10
r;367914637;16480;94602;777;10
r;367914638;65230;94602;777;10
r;367914639;2486062;94602;777;10
r;369458970;14538405;94602;777;10
r;369458972;218266;94602;777;10
r;369458974;14538406;94602;777;10
r;371721508;403759;94602;777;10
r;371721510;3176355;94602;777;10 r;371721512;105509;94602;777;10 // END
